PID,Sale_Price
534152120,167574.620487988
907202220,132453.716533116
534430090,128620.07307375
535126100,161119.803967484
528445070,237191.422761663
908103350,137251.130345805
533127080,279922.120352856
531385060,198463.381247413
533213030,263627.750206865
528118010,312503.652026103
534276180,141707.892993563
904351200,115564.910934621
527182190,207936.429214698
902301130,113975.482713262
902456015,76613.7580008747
907130060,183171.994533369
534201250,163783.749817038
535327230,135321.258131622
534400290,164160.188894958
905100020,139701.44398896
907254050,204505.49604521
907202160,143716.313676983
911103060,115123.596594793
909101190,132691.268583682
905377050,102316.855466519
905103180,134355.22100042
533215020,253778.705103118
923202137,112395.624293002
916176125,220414.169714664
528480020,206515.833184184
907227090,122954.569106747
528482030,277716.349093214
527451400,95349.3177893658
905103060,164529.830256128
527405130,120846.430151846
906203120,264535.18792577
528321010,335948.371512994
908152280,151858.831064341
528344020,285839.641762309
531450030,190302.408631483
906378170,237730.424174261
527402090,124615.706479179
923275010,145246.681743798
535451250,140338.359356729
907202050,142237.771045602
902326060,147949.674782682
528228455,175394.201899581
903204030,121298.70618971
902207140,111560.017957201
907253130,329213.765003238
923225440,105660.7879764
528431080,219198.822780616
528480130,198822.710593089
903234220,131135.597015573
527107030,180498.189426443
902108060,107402.446305903
907200130,132691.577545934
534427140,143329.00443511
528441090,409985.706002559
528290030,179652.197816979
535180100,130917.607436118
534402140,154145.832586486
902207110,94984.2068800462
526355170,216412.451315238
908276140,119706.755591483
906380200,197071.787603472
906380220,222428.794507981
527302175,176799.79458766
907262020,198961.730651151
902405120,111694.975597817
535126180,186809.869693359
528346050,301061.738834097
923426010,137494.554378098
528180120,320899.6490595
535150240,125379.549024448
535152130,135583.281295776
535457020,144425.703469602
528275070,237157.257727816
907420110,176217.524392091
907202140,134789.636710678
909275250,143870.549687621
903427120,128215.06239268
535350030,143277.434202529
907201160,147063.602625874
909276160,214023.075101318
533221110,175468.504542355
528120010,262011.354661693
909455040,189249.149286276
528106060,333725.495612199
923202005,198085.615243332
534252240,162676.805278422
534276190,110410.35484408
526302110,125522.410655133
535376100,110014.260677429
905477050,112404.24727053
528181060,220979.905862608
533253030,191008.229166855
914476050,144872.785606217
535105100,172665.936624758
528186120,300931.926586075
923276250,159037.474793579
911104060,77067.0996774408
533254100,187586.949847744
535403030,128740.176705745
527405180,121791.971859878
905427140,183903.925617286
904100030,134460.483307914
532353130,135781.930903996
528118030,388744.208196193
533213010,233331.405613993
916475100,321909.513572844
534401190,143531.055406496
924151040,256243.43349595
535154080,143147.300240071
527107040,178306.092281045
528235090,216321.658149476
902136110,97092.8377259851
527354100,185697.993646544
528429130,280742.853596306
527364030,232190.962981205
907253110,230193.143443009
528174020,203849.335055315
531363020,130654.658386571
907200290,148651.370075479
907414030,198931.805674993
905300010,139600.129824336
535455080,124938.599961705
533251130,186844.867390508
909250220,159088.179498359
528228430,202731.527541905
528490070,205694.496341797
532351150,128641.725985327
527301280,157449.524539089
907203090,123619.001100851
535457010,144070.82459527
528166150,309136.500348154
905226050,147710.780877445
534175140,140503.619969937
528221100,181011.770828313
909176140,139509.165232487
527164120,200816.836138151
531375110,151508.420852267
535383110,103234.052660889
535451110,136359.113221955
903454010,120653.08120022
910200060,129744.227776116
528431060,241345.011618134
909250080,128108.679911324
527425025,118059.166451347
528106050,410199.985480742
916477060,258431.774492614
527276150,121560.603073595
905452040,152682.774461077
907285040,252998.776743544
533234020,207138.018152626
535354100,130300.098747445
923201020,159071.270631524
527451060,102028.099947491
531452180,198789.37509142
528228325,195547.239163944
902329030,151086.713340567
908102020,135031.497025317
903204010,126319.251157432
908102170,144984.753834248
527454120,141497.657583178
535478040,132522.899626877
906340130,346143.147028763
527455240,124167.192918684
923275140,110126.552502805
527354040,202236.058440047
907410110,230287.034879894
535352080,119559.556373255
528322020,320251.783751231
533135020,226722.712018281
528172060,253216.97894735
533238045,263016.282351472
906201021,174290.533391651
916403020,172517.82432266
527210050,332947.764014977
903232170,71711.2507302602
528477020,238309.576301652
528114050,343771.419434264
905103030,156237.292532121
535451050,133871.556662402
535378080,132064.433189157
903233100,130036.998361822
534451150,97481.6192634612
533244040,268631.443059909
532376070,130310.679018789
907275150,266745.600353185
528228450,197275.262254837
527403310,146733.899382652
534250300,188186.743554403
905475150,123223.476126605
527226020,158700.801698884
528290190,170433.439972912
906394020,206078.117558871
903400220,153656.505003892
535175030,153770.347091363
906385010,198803.027367293
907405130,199384.257618825
908152260,151495.149965033
534427090,130963.700433471
906380030,247136.527138203
905475500,93439.4563923555
902405070,171275.574107399
531376070,180362.535794343
534278170,145745.705468172
903201080,146349.039302364
534202030,146096.308295589
904100140,179368.345557352
909426080,163929.803701943
909177100,108209.789082141
527402240,163463.093816694
533236060,187891.475279438
907414080,189413.005465992
905104180,140624.374550857
527302020,179518.225387585
534278190,119264.67078129
531452140,171296.719521917
916125425,187931.513242213
908275200,115688.444227488
527455250,128253.88835354
528477030,234739.02000401
528172030,309175.353618635
535476350,172055.633757478
528188090,171110.855225355
902305110,126360.145469866
902109010,109656.050927505
903231190,116928.036054785
902201090,136065.875869143
534176140,160699.776035713
535179020,161694.284689996
528228435,199684.810376237
531375140,160429.287633247
903484110,127818.970684253
534278070,162784.064411409
907200250,152308.646603946
526353050,197972.9839656
528427100,258122.527355992
923228210,91605.4678178513
534152070,191871.087190453
528365060,298424.300927237
535450210,128073.600716656
916326040,151839.836909976
534151120,225640.692291262
528348010,257356.764860366
535300040,131947.330971267
535452100,128007.878734934
903202120,133868.637568935
535475020,162068.343293077
531375120,157482.561279001
914478045,152825.550940811
905478220,138705.797798925
909250230,166725.064702793
910205010,139955.321825621
916252170,142062.421461606
903430060,112008.787702611
907280100,281892.741799009
535425040,175139.671436706
528172080,268292.710574785
903456090,81792.2896477901
533215070,242408.982296441
905402070,118482.608873148
909425180,195449.950459982
902329080,127182.593251344
902303100,130411.686942924
534450150,83896.452129657
534455080,159700.127760892
528120170,301012.089467216
534200030,123828.169847647
533352170,178358.744691272
908102270,159504.343248267
903231180,120508.458803439
907410050,206461.418311168
923225260,177582.20328017
535325460,186094.848959887
905101310,116791.814748791
535101120,142317.82930658
534451130,103626.09059711
531450090,172088.918777217
906201030,189533.04062844
909256020,107792.008395934
534129040,177454.596469312
527166030,184645.307564486
527455270,122641.503270018
527450010,111394.616703822
535152200,143157.978740633
535375050,117775.708198822
907227300,123530.564956463
905452140,143685.519292862
527250040,131001.522787307
533241010,185707.336074966
907200170,135784.963665597
906426090,160943.358719978
907405030,217970.262886904
535325450,131172.896815766
535426195,168498.776184722
905103140,162782.776144254
903232100,129784.63380186
907180120,213617.859921628
527425110,125917.916187926
527165170,180407.915048901
907125120,142860.815413711
916460020,211063.633237066
527145090,189470.171127489
902100020,125855.748260304
527327050,197328.542422725
528366040,309640.78232452
905452160,141000.519698912
528102110,386767.717941628
527216070,355352.91080983
527214060,424684.81505363
906425045,132239.869171374
528228540,185005.913496467
527402380,116017.423568712
527127140,267295.351544443
903476100,101614.380654344
910200040,109052.64501884
909281020,128093.745661406
923252080,127306.826122138
534431130,124076.402050424
535453040,129416.308798801
908204090,122119.998486308
909428110,143037.816809048
535101150,142874.862239396
535375040,107587.818470456
904350045,103683.966989655
528120150,295191.034377817
905451330,150015.442238203
528431050,258761.954929996
528142060,289674.087460994
535477180,119176.228322126
528218020,177815.787428645
528290170,191416.83996358
905377010,133630.126024758
909253080,139252.511504947
535478110,111991.524894431
903234090,134998.187011897
535456020,138492.370467257
531363030,170529.586834058
907185050,202036.734254644
906204180,247756.999081229
909428190,204645.313695555
527162140,204102.484371174
907227290,134198.033596269
905103110,132300.118834732
906392090,260588.675563016
911370510,282983.203005272
527105050,184350.629605682
916380070,314326.955864801
535105110,164454.277741485
905227050,131193.684697493
911128180,110881.655408019
903200050,92473.2777564908
908275090,117148.672403365
528142070,341899.550049249
905200280,186183.00862206
907131090,207728.012650353
908103280,145767.648099266
909253190,99241.488751788
902134120,99751.4700149875
907414060,201735.601297365
916455170,222690.286904642
909475140,198815.237332583
528222090,183175.539922367
906394040,225573.292582903
535453180,134456.512535237
528477040,208019.664861019
528102130,322347.711293209
908152070,153783.354552318
902327040,124590.083906076
534428060,140809.792412767
535383100,92907.6982971171
527162180,182323.825813562
528290140,190793.654245191
907418010,232077.887752575
902103150,126443.444945727
534429130,141993.796751628
535301150,139024.397189245
916386180,215343.683624899
907196050,221849.262616879
903225050,98772.7541117482
527402060,142401.02840665
535382020,143179.999038861
907262080,203498.289491993
533352075,186406.78285156
907280040,235550.98289661
528218080,179689.94502102
902205140,109722.47769764
535426150,138959.978655196
535476370,159738.616821318
903227090,128003.067814302
909428120,202851.214722164
908201040,98469.0208659306
911370460,288325.117338391
534176230,155200.417481629
535403190,142613.634990973
535454060,91255.1438302385
527107240,185757.721336956
528112020,293520.551679267
535353160,114068.973889892
905107070,160713.787077509
909275230,167943.563933868
528235190,188155.529788168
528221050,181892.842241545
533212010,152746.010450886
916402115,196102.00415168
527401160,127799.366020924
908128100,198136.212491476
528458110,237836.800930302
527452190,145982.2629131
527226010,152025.887327949
532378130,104424.384754169
527452100,148912.977449292
527453010,154537.157096516
908225320,136011.750604085
531375050,137080.5488044
528390100,301786.302332872
532351090,137765.667973006
528326060,260055.774215517
535354070,130550.056199058
906477110,144799.626277645
535305120,159732.271325893
908227010,108647.786781134
533236040,174829.330703466
906226140,118486.391230985
908102320,169808.093379416
528228295,218457.311404915
527325090,195497.640037854
907201060,146478.716598857
528439050,229665.29451905
527378020,155046.91563088
534477090,148750.32102997
923228310,91919.9020630446
907250070,240868.570776212
908154195,298270.223656873
533350090,258805.795272174
903401020,133539.697375298
908276230,123676.335774009
916475040,377471.803352737
534426110,137124.049783811
535451010,136758.607652089
905453080,232922.560623428
535179060,165436.381074449
528144020,218566.518442516
905105040,126786.225954118
534278230,149792.842372734
909250030,121987.645866194
531477050,102174.918773371
535325350,135300.4336749
907420050,186455.646328508
909451020,130413.07099232
903430070,109198.75683707
535327210,145349.650289766
902110010,110488.910323668
535381040,150786.154861161
909252010,151746.182105276
902207220,238350.146464819
908186090,145585.949610256
923226250,94372.1606989427
905202090,145817.165495168
906223080,218756.417942707
535353180,197411.413535768
907130100,197465.003172693
534204030,140694.921907945
905300020,145659.905169793
535451040,124037.069993699
528166060,450168.688000808
528116030,338037.309225394
903226130,112655.941321301
533217060,169550.107191694
904301070,127621.931476683
903225040,119266.824602214
909452102,196911.331274744
527214030,382740.735097038
907126010,155991.389513775
916403230,211633.679119014
533213020,196121.671715184
909176080,129659.924135576
907290250,144776.748598219
532378240,127972.726889589
906340100,368561.802924971
903231130,106695.131532136
924100060,193067.777059726
910200110,127115.300291715
528142090,307133.817989742
534128010,197116.611916168
534250370,266278.133325228
907414020,212008.514044398
527165130,169330.271630618
905401100,180057.842632398
528228550,171204.189813841
902103100,120953.454449968
534125210,157770.950186213
906380160,202000.779209082
535325280,142120.969133203
531475220,149656.216656921
533125120,325118.609522489
909252170,134046.957001579
534151090,197467.174091054
902331010,86969.2981461746
923251180,155386.169816262
528178010,377072.149391211
923230200,128355.823947031
907252050,208504.753280233
908152060,143418.196635992
533213040,166627.593758898
905108120,153218.004627359
528170070,264579.18080903
534479300,124022.940615897
527354160,185069.805267201
528150120,316079.020892498
527404020,139113.839655299
534129370,169579.819664995
528292080,232190.630572078
534400030,149823.722915696
916402125,173194.47103963
905451320,134602.000157164
924100050,145361.343743321
527455280,165555.478254213
528228440,189118.322168621
527163100,186817.428161777
532478020,269546.769291913
906223210,233939.315855038
908152180,134453.644875163
528250010,179149.703325819
908250030,84121.2252342802
535151130,143711.353916466
903204040,133860.910349188
528458140,256735.562131699
534455030,156776.015983275
528102100,288278.458770737
535379060,105343.65025543
527105070,187166.76961165
534479240,148767.876128415
531371070,203326.036197013
527183060,203599.801605806
528228405,222770.830947363
532353180,160993.261616325
902202150,125884.995364441
528188040,198743.014181742
527163040,179594.930934613
902206040,127818.115916785
908152080,146286.169344762
535403040,122319.066799782
533223020,162906.402333326
528363110,319448.613013933
528150040,374881.731241861
534177180,217835.112362933
905101100,96715.8110946347
908226120,100438.212557034
908226180,94803.5390508733
535403010,147992.590051641
902128170,116072.292102457
907290140,140413.956380762
906380110,230524.576687563
923227030,144059.800683006
528320050,417968.613093256
902403070,137978.446318428
533250160,253696.548049934
534202170,146753.747233832
535453100,131671.704109916
909101060,83033.374030682
532354010,133718.155163521
908127050,140395.979448393
923226270,96571.7267313578
527359070,181426.891894154
905106170,126831.310098696
905201030,92335.450814388
535180120,133519.025778779
528385050,244800.266129529
535456050,111891.109522696
527454130,147566.999234078
534276290,106446.052095413
528292070,223470.274876394
909275160,136145.747270122
527365010,243636.323056459
535106180,135465.355808607
914478020,138695.896633171
902106130,100750.268549381
902202090,141204.771626485
906226070,118372.327677721
911204090,99276.3637837949
535380050,132269.076443843
905403050,119242.987828584
910202100,122228.151384441
902206020,82242.3836239959
907196060,221072.752626814
907227110,130616.592508057
528482020,249345.043540363
909252220,138311.643309257
535104020,161654.18729399
528429100,262535.183948173
914476330,187862.187144399
535325290,122763.727749988
904101170,140309.628414539
908127100,119281.574888586
527378140,175814.02255827
904100160,138373.456370284
528186110,294317.742365313
911202100,94056.7449638567
907414070,190241.806484305
908128060,195699.379728083
902206260,102805.623780025
911370500,296494.032537095
909277040,171429.589310308
907290240,144024.470592808
905475270,117269.699411833
905300080,143700.34443659
903456110,166973.130995428
902332030,166871.455670703
528168030,286968.928912179
905100080,159562.896775323
528240080,229565.016326866
905201090,162843.616025253
916384050,217547.416140224
535325400,103971.539258897
909427230,208326.83901664
531384030,192420.414835485
923275040,166075.170502443
527182040,161447.176570748
902105130,98395.8658820151
909451180,133176.327468292
911370410,301748.74016934
907410040,199710.420609376
528431030,230015.893009395
902201130,117393.899865189
528315030,296295.7925009
535353050,142707.877009968
528175060,204014.894204866
527131030,246470.493767712
906380060,280488.193268336
902107050,135452.014653538
903236010,119483.795733376
528174030,199535.721007753
528228340,195500.064264619
535455060,116688.591864224
527404140,116482.77142536
535177110,166415.0775783
526351030,186102.925401295
909277100,126466.602969702
534451050,117134.480381579
533250130,248328.308843943
528354100,250801.799828715
535150280,133616.101730156
528174050,199195.039669864
534400120,168227.606622853
907265100,213390.647078636
528188020,196265.46018028
908151050,145694.120657854
532378120,127364.552765927
905101300,126119.492948888
903476030,150623.684235918
535477150,114306.217983838
533125080,254004.486390509
534277090,158369.937158629
907176010,202330.706770231
534127130,170083.021746373
914478110,157267.835780466
535325340,133354.612550492
535302080,123187.714969172
535453160,125588.328280606
909131170,123150.482041814
527158020,169959.623640807
527107130,177677.305755288
906226090,135030.830974209
906426195,237164.306814173
531385130,231224.593923417
909254150,139989.284545673
534252060,149230.506619279
906340120,289218.893235836
909280070,164012.522912962
914475030,165588.09810782
528142020,283537.089411002
535301010,146730.629696309
904301060,127390.912437517
528180080,287649.749302395
528228360,199554.737359716
906475170,236892.310238008
528231030,178107.243381226
527210060,333775.391641859
903200080,180024.5233701
528218150,187330.084131653
528480180,261506.920583798
907180050,188696.759860803
903230120,99389.9902598011
905108170,147560.028068993
907265030,238495.174503105
532354160,129342.97456063
534453080,115990.231443909
906204140,218416.636372916
533128030,242420.23731587
908127060,144002.4403228
527427090,144442.562241902
906225210,157026.977814871
527216050,363600.142624971
535450070,134881.983063165
528180130,262571.991626576
923202105,190337.918897115
527376090,148508.522363282
907252210,250275.831886048
909201180,119473.955877506
527252050,294559.014934761
908154080,180855.418161648
534275060,130204.574643348
905201080,151722.129311243
535151110,138999.645002678
531451290,195012.539217824
527375180,161685.340836781
528142140,315937.202940535
902125020,108208.66230495
909475050,206086.098288243
528110080,313042.605925042
534275100,124814.52187027
907202190,144511.294086494
535381060,123385.275012146
911226010,121460.262728653
909251170,144672.596122267
903458060,119038.61977518
534251280,162484.177285855
911175410,64840.9974807517
527358060,175767.444894396
528228275,203646.274643793
916386090,277713.453790223
534275170,132790.186085131
535425060,168902.709510941
528218130,195994.03711478
909254090,149822.275947196
527454200,147655.725159989
910203100,64861.9182561219
535176070,147084.319756032
535126040,228739.838853004
909176170,128010.575736782
923202060,137195.268045021
535155110,134608.715697893
527376100,161331.943670171
528439040,217449.808545872
907200270,137570.383603119
528315060,254124.768349271
528315110,293238.216099296
908127070,138347.427844777
905403060,118501.400037304
534201240,148607.722063644
907187040,227435.625233903
532353050,126533.202192866
534226120,125797.710055595
535181140,141898.319051731
527276160,182243.011129289
910203230,93062.2164874146
528344100,307568.749727145
527402210,137472.748965366
909276110,157438.193426468
907401090,243858.887999867
924100020,182843.326446597
909282060,184871.229050676
902401130,137481.787983929
916382110,332097.944724847
909275080,157470.64973241
528142130,277375.971181672
528120020,271100.917557443
533213070,164137.526252038
534225120,147322.594352531
902103090,123847.870341952
534475185,165928.207122448
532378160,137401.779520767
906380140,184915.338464049
909427200,147961.842141589
905478190,107526.916378053
535453080,138846.160865498
535454160,137248.03361664
528190010,198046.31963857
905480210,122785.101599851
527107020,185934.495490334
535377090,137312.858693956
535457090,139523.794228373
527108040,242328.012769553
910205130,128279.113262114
528477010,353590.498867449
909281130,217038.202562548
534276360,110501.400177446
907135170,147223.907087395
923227100,153589.506922335
528180110,339348.981417435
903457040,153616.652879146
909254050,160789.379916059
907425030,150239.741620619
534128090,186747.301359145
527163010,183289.975154308
907425010,149465.292112074
535426350,142539.104674307
905402090,160114.575709594
533215040,259887.904173062
528120120,323325.565430282
905451390,141334.957027712
906475050,170748.543580914
909278020,132663.199707576
909254140,116093.242182533
528294070,230405.802964529
905378040,157615.504884575
909426060,188840.506276331
908250090,125404.568290068
528138030,362009.958974604
531452050,129913.216980604
923228250,89910.5990761059
902328100,143279.546700949
905480160,122306.829800231
534251320,162896.110543655
535303150,130865.277256379
905325030,211901.212051792
528280130,196202.637991952
531379050,239792.625475952
527158090,179598.445825202
923202025,186709.024753254
527427210,194678.65891368
906204150,232961.322471875
528221060,183257.249000722
908201120,118818.224855242
912251110,72175.1350501034
916455150,310084.360721595
528120060,379138.373628859
528477080,237370.93569261
535105160,136416.620751295
902103170,113756.167447866
907420090,184822.117336865
527166040,177243.698743447
923225490,127436.578192584
533208080,163305.512768128
527182020,160086.502867688
902207080,123611.945572191
528102040,388803.330144541
903227020,137204.453772826
534129380,139792.310178963
535455090,120376.961931227
905426060,96582.2941666196
534275010,128989.089442589
527453140,151803.616788457
527451640,110679.496829978
905352070,199888.589365858
528222050,178582.491030611
533253060,171216.873732202
923252075,142390.587731473
902300040,137555.878512807
902400110,255195.392633661
528235170,212857.060657043
528222010,273524.771557077
907262060,236107.708688294
532351140,125452.650620909
527450520,103880.142835048
909475070,219857.59344371
531376060,201413.385577174
909282130,136134.116086274
906424010,245565.661066044
905104240,134127.768847674
533212110,151467.821157236
528218090,177232.262493844
526302040,141360.04015154
535404080,122679.817985931
535302200,126627.106622927
904302260,100045.122922635
535303050,147323.249635755
531479030,124097.913565905
903232060,107320.730851685
903227080,121196.436839208
907135260,150377.61274547
902110090,139432.290493206
923225390,126481.551325186
535383120,103948.079283879
907181140,213902.310840649
903481010,94009.3937047571
532377130,138276.193577153
528222020,178691.663897133
908229020,96973.8192594249
905200350,155566.071059604
527402150,134008.339180648
535456070,134712.220250475
908102260,152407.757763266
923228370,88215.3917977474
528250040,182882.448011797
