PID,Sale_Price
906380170,204818.416366311
902204080,90784.2738133037
535478110,113862.645096264
908152270,153521.339234265
903458060,116427.187660167
907285100,239773.725073513
535377090,122596.558512975
527354200,179874.168067952
911128020,100246.891022251
533242030,228789.485630988
907135080,167192.448509924
902104020,140675.828403161
907414070,186388.132415979
528228450,189636.937650158
905425125,206630.856171376
534225110,147757.725345142
903427090,150056.015081174
902109080,115686.576220235
531452020,127362.6068914
534451020,84958.8873627508
531375120,154492.846120306
531451280,204211.957592441
907192030,188311.564420536
526350040,122150.669379452
534202030,145380.061574995
528172150,286083.91504314
908275240,109341.22763972
908151040,150982.322206532
528458130,319468.682000243
532378200,136831.023888551
535303030,170081.100612796
533208040,194715.976796288
905201110,174148.609710745
527126030,235414.177225621
907412080,187827.710220062
528142010,296013.722177834
916403020,192776.299520694
528120060,372716.835251578
904351280,118095.95633434
533244030,245493.061803661
924100070,166306.500317898
906392100,223833.355912528
905200350,152730.237564159
535125010,243312.507955489
907180120,206934.492248604
534251320,157204.766573087
527252050,300316.43243898
905451330,169390.067743659
527356020,282922.619439252
909131170,139460.799895497
528218030,199056.996581331
903454060,78212.6445184862
907252020,231701.741642801
923202060,130352.942352872
528435040,332206.61973424
905201080,165409.412447053
905300080,142104.086733129
905229040,160860.510381863
907254050,212091.832122535
903426160,156459.436229689
923228290,82671.8015553254
535402070,149209.324266225
909101080,92436.508080613
535175030,155558.115308419
531475220,144590.147874565
903454010,129407.912554316
528228360,194367.818657712
534427010,147856.946478265
905476225,131806.680712984
907202050,155710.408678731
903227090,123029.235105964
907290230,156033.367458783
531375070,138558.308502212
534427140,149995.030283973
531452100,161243.334944014
528186100,315701.706326866
914476050,143715.5437665
535382130,165216.274731241
906226080,142112.691038067
902207120,77460.316459498
531376050,186894.629052216
907295100,188398.489156959
903476090,107026.458974014
531375060,136646.775627055
535453150,150568.750642308
528106050,433163.134260695
535454060,78410.3350461515
528106070,328012.829378827
923229010,160270.963042415
908102050,108072.923098417
535425040,199074.625262108
533221030,176721.87113338
528427020,232861.949200036
535352080,113880.036444841
907203060,127347.086219341
903201080,168569.765880805
908188130,139048.544735987
907420080,202585.432641491
908186070,144127.636426752
531382090,185820.720430223
527353080,171423.180212971
533350050,288304.909141247
528218130,222517.997532515
534403100,158708.206052123
905402070,111575.522820109
533253050,176824.409567197
907230240,142994.330531616
527403040,150319.513266888
909252110,169812.435953332
907290090,201233.813411963
923202025,189581.725209377
534403360,140617.856670281
527454120,132046.699707109
907250020,229331.728345818
907414060,191759.814942638
909250200,144890.110249185
923251160,109214.863501836
527182190,193388.489845869
528363130,317932.15872242
535452140,113363.468128404
527216050,427389.1859615
904100140,204448.19057803
916125360,155983.77450218
528250010,181161.093292115
534276070,141762.617720004
527357110,136230.696157073
528441090,407332.244065
531380080,226314.502634575
904101170,117716.167448242
527404150,113753.143935926
903231220,93161.3444709243
527161010,178076.202344832
528385050,258293.621201287
907181090,200275.553425786
532376160,131414.770034848
903236130,156945.006807764
534425310,152101.15800961
905450020,143572.594410903
535450210,128331.344431967
533206070,227907.839762183
533223110,155103.749491469
903232090,152531.064163236
902427040,104933.675781143
534151090,192298.567109029
527359030,151010.234487551
906225180,205312.448051685
527107010,181180.775818009
905200220,125813.359285636
906340130,330541.58952281
903233050,128317.909289031
907253060,229762.944496611
532378220,130820.886194123
909428170,226925.247198507
907275030,209370.399397264
905452140,139418.334987023
905378040,133359.731770998
905200260,148207.95233166
528186030,271241.215882144
533242080,191399.605634441
907412070,209458.652632473
535300120,164344.115999362
528240020,197492.441008954
908127120,113275.07250395
902106120,81635.8527370987
907270040,240301.624205603
528275160,255090.692110124
907420110,175181.300476061
902111010,96723.5339265238
528240080,226407.115293827
535401140,146843.541934106
528228290,194075.470724348
527454130,145402.551239659
527455080,158704.34591088
528427040,187990.150571688
916460070,181704.837524207
908275220,119944.708725755
533352150,149401.057250321
528458180,231001.853364543
902305080,127861.748678614
907200250,152407.850187963
907135180,126575.62939792
907200110,130910.851910248
903454020,75915.1879163152
905108090,162940.644931524
907202010,156746.310631634
907262050,228301.137393458
911370490,309456.119013574
527365030,236737.203276134
527110080,173089.236646592
534431030,134000.932622689
531452010,127571.004758524
528439010,228010.303132972
527212050,330610.666520912
904100100,184546.312519153
914467040,236618.949749457
923276250,113402.815895429
535457040,125797.884641868
527356060,172780.388939019
535378020,106118.693075857
531451030,178576.483186038
907275090,229611.338722333
907192040,222926.643153027
528458150,306815.99944234
535301170,154134.011763002
535402330,192346.839525593
534403040,180765.05549036
535383070,141874.905895397
909254050,195529.694514517
908102160,135040.299372623
528106040,394751.884360168
535456100,115009.380337413
528110100,371490.507403562
906202040,182098.019031697
905226050,142342.51547529
923225300,97770.5702420521
907285020,226112.304416322
906223040,228246.146961377
535327210,155858.237156401
528228405,199925.043237177
528480130,212018.396279822
902329090,146429.259518591
527404030,148764.081065571
908225310,94575.4854400815
534450090,53759.9452724242
923228180,81915.8714076856
907176010,190618.454064108
535180120,129699.305449567
527454050,144881.59450847
903456090,95608.4752343494
908226120,113346.044026475
903204010,130644.357020574
528429070,245459.026668923
902103120,131714.55209967
528142040,346327.702812303
527355280,194183.161519156
528118050,427151.819474823
535376090,122623.778828985
534275010,132316.125202668
535150300,229008.278514785
528221100,177077.462954161
531375050,145590.86474641
903235020,100054.068138359
909279040,109086.677769017
903400040,159271.200481375
527355150,290786.377896273
905202190,206998.103665617
916226030,199727.820080456
533213120,163488.703658988
911204090,87452.0232070749
903475040,121401.11127092
528138030,389078.767499879
527378140,160557.062565274
527302185,236694.300245517
528174070,202513.992303677
903229040,129980.630629167
528186010,308658.187829725
907265100,214682.762071042
916382120,288379.010002125
531451290,202908.425165395
528168040,294309.586806231
902202090,133909.643538237
535450160,86512.6339710102
527132090,212928.117315807
534250370,316622.506884548
906380070,312784.158351938
534201130,139888.231447834
916403200,221722.462395366
906226140,118214.802661119
923228150,93218.2408629941
906223060,208934.915803663
535350030,138798.964378087
528228325,194384.963032982
905103130,154237.710339402
906223140,234934.936396979
909179020,216485.43978672
534175010,139096.982544691
906223220,206797.909740148
909275230,186393.085263933
533128030,260372.678023051
907252190,240746.118826169
908186040,132528.852355712
532476080,237900.177973515
528290090,179446.482899798
528166120,394135.634268863
527451410,97569.7861796841
534475185,148846.849961059
533254050,201307.895591085
907202100,122075.704700314
906476030,219574.648183126
534152120,168397.789782645
908102290,107110.989656014
528221040,203404.399353394
533208020,230537.879359597
905377130,103873.157967133
527451400,95427.1715924827
902328040,145155.307292499
535301010,145365.50561243
905480180,128782.797652083
902201130,115101.543338534
923225150,112540.532672282
904351200,115520.231845816
909254010,148753.697702982
916382010,206192.199390226
923228230,92987.6249747022
923426070,135793.783250632
902204060,123839.46290401
910203250,58792.5744711115
527105030,196521.74900504
906392130,190066.657974086
535155110,137922.243694198
531367050,216482.042905353
528108120,350230.752608167
905478030,141147.844927118
527357180,292503.788312223
916455050,207678.621109624
528221060,192192.573105911
902134100,87130.8452227467
527105050,178547.579743692
528344040,306906.936356028
903454080,118185.852811954
531451110,127264.748991076
534226060,154395.718225661
903231050,105855.41373693
902107030,132347.225257214
527325240,178409.44004919
908102110,104317.911564543
909425060,163979.163038439
903453080,177137.496238527
527359080,189414.565731476
905102010,149129.326883532
906378170,232333.836465129
902125080,104362.495672689
534252090,199733.848529447
534177210,157907.47362324
907401080,213489.912257697
528458060,202031.667151689
528228345,220561.291408361
533213020,203899.326200624
528382020,302404.070029893
909281080,209581.694650835
902105060,126605.125355261
906380150,179752.543927259
914476020,129844.015522698
905105070,158384.335924916
534400120,180462.88085158
528344070,328543.879172898
527162090,171117.175135267
528120100,233297.042491487
527353020,181650.922501314
903452025,92378.8847401476
905351089,189883.464025796
905377050,94574.2784116667
911102180,78540.3573029353
532376070,129050.493728281
923277030,160330.709541374
903232060,99468.2662929523
528174030,196120.338237036
535426130,206659.658536494
908186060,129860.237859336
908188150,146218.93734125
909176150,121653.549955487
528290140,192435.321394646
527327050,191934.964890406
528363020,301035.962115344
905401060,209458.249703237
909275080,172563.710441915
905106170,122827.769446389
534125210,157551.035499789
528180070,286497.116583099
531451020,189547.627094664
902103100,118752.157558923
905475510,104222.311818391
534400060,176139.309464807
534475170,165486.973507095
902477130,42332.9968471941
903484020,131731.03482573
535450220,124870.547528402
528174040,215496.50485184
907410020,187817.656745541
528482010,245756.461858094
902402130,116046.956139275
528221010,187489.753364601
528142140,328056.234480252
526354020,186577.271013889
528235090,206924.320027422
533217060,171760.749986361
535402270,133772.931969851
527328020,156988.78401338
535178040,119115.151773085
902205020,88705.2543639149
527376090,150029.214308096
527425025,112583.964954649
535101150,144313.906734058
535178060,145031.233597858
527301320,258797.585735361
526302040,157224.107924616
903227080,128069.646591583
535151130,135241.172117246
535152010,132343.151996605
906392070,196629.131977557
528108150,281418.244299714
534128020,203358.707422816
916475110,208535.500495163
528354050,264430.513187383
923226290,85036.7440978684
905107320,152289.490954248
904100160,137730.089967649
534252070,102093.681608583
902106090,151669.592963365
902207080,123223.689469625
902327070,138372.68748288
902300260,126352.911656156
902108060,110075.086847311
527127100,310092.075230569
534201230,134675.845766603
902109160,108336.055537253
923228370,95003.9171991165
527163010,169548.498142256
905480030,110684.470510654
528120090,238383.781249889
533250130,255417.873821576
907420050,192631.486325858
908127050,123298.732191615
534176060,176369.643861684
906412050,344794.590572811
904351240,100179.739656492
906380160,186388.350319345
906204230,236232.787436247
907405020,212607.304308684
906204180,208377.033482153
923226250,92162.0143498679
903453050,123047.672897607
916386180,212148.551364172
528110050,374565.098674157
907135170,147262.877184578
526303060,210835.74139891
905426200,146169.747365483
907227050,126819.149773201
533242090,283149.884070803
903228070,118131.839155096
534278170,152175.641422807
908128050,137291.647442619
528480100,198144.949370076
909253080,146680.652129225
908227010,91929.5785382574
902109120,126055.510957031
528174010,211254.595888269
909475230,269608.862990251
906230030,285407.942991954
905475500,81720.3931725088
533236060,198687.073412031
903226130,111174.991519349
923225080,121230.642039038
902105110,122633.917145103
905427010,179672.364675656
916402115,192216.125432101
905301050,294481.430802693
527404100,119507.495821929
535453200,144089.350529886
907227090,126484.373816174
903228120,120787.114309656
528480160,196424.032958129
905452050,94863.9845331095
527276150,114376.865197609
911128010,100987.95426153
534425015,202143.550895907
907414040,201471.605382046
535377070,75390.4749156432
535477130,157987.350622692
923204040,157452.346046311
528188090,171119.792742566
907252050,207273.98844134
534251280,159720.398952041
533234020,217102.417979613
903450060,140120.526845175
905202230,193829.112649704
908103310,141211.791817801
908127040,121380.49707031
531382110,190295.193538858
535402140,179756.658636625
527328050,163294.413017838
909275110,210310.805319057
903204095,98286.190103059
906201030,180063.249115046
535151110,149178.711347382
528108040,346864.373921294
909451150,151697.662620499
903430090,126772.922662845
527359180,201858.127358791
534401190,144092.936155065
908152035,119442.978424457
902406030,120412.561930678
909253010,142608.329180518
902427180,116847.908886656
528253010,206533.301968995
528480060,309669.080599228
910203230,88039.8953879157
903454090,128232.865100255
921205070,286029.60026553
528166090,396943.430152958
534175080,224782.103375833
907196040,210144.769121035
528427070,233288.594737732
534127170,178657.368997584
534450150,103251.249672468
905325030,206089.192011827
535103050,222608.019774366
535181140,152610.64974259
535106190,150137.571220061
528228275,200977.805287948
528354110,294737.427988054
904302260,101783.299619867
916326090,225876.093387217
908275280,142347.159224761
908152290,165956.952422082
916380070,326822.727688157
531376060,190763.626295468
909100080,112942.645505868
527450280,103746.548597898
905108170,154238.864298943
906424010,250036.036676046
527425140,116895.531980558
528290120,181203.983015094
535380050,134675.688582538
905451410,136545.220890016
909254090,171621.631561714
921128030,348658.431030397
535403030,132465.737248263
902401120,254677.446033574
535476350,195869.964305557
535302080,118360.863013649
527327080,185648.124961235
903481010,89443.5993359634
535451040,124337.410603993
528228575,249952.601351589
528322020,341568.050306008
535105110,164905.464604588
907280090,220128.253179437
535354100,137923.111138814
903226160,114784.334096516
528458070,234776.219918316
535451230,110935.540521076
908127100,112592.081802298
533221090,163781.383167172
528104080,410912.919564117
533254130,180242.625509223
902109010,98600.1139835594
903228090,111441.726776237
535475020,168513.098128794
902405120,112127.647711
905475160,127940.062243915
907135260,149504.559432757
527107020,173656.055746584
906380120,205067.097699005
528188060,175633.634744795
921201060,301747.274810926
907405130,195235.566511131
908102140,118856.395916678
528181060,228212.406489062
905104090,119652.692274737
907175080,215954.31616721
527355060,194920.456054132
905100080,158352.42873234
532376040,132317.052225631
535451010,144630.426805009
528112040,303667.254452351
906380140,200218.332019877
533130170,305842.644028253
535353190,126045.240075162
907200190,150361.307761317
902107050,130909.642123359
921126030,253975.810041709
528458110,241055.751831232
528220040,188305.733491022
905107240,176313.650977881
527107130,174201.911621363
908226180,92710.936059567
533250160,298572.501047381
908201100,87462.1032043116
902305110,145167.632635319
909277100,145353.340107733
916325040,206610.780030965
534479130,141827.308860069
535402180,119811.653083038
528106010,325691.603279063
527184020,202257.384415993
527450150,110427.717131353
914478045,152421.6639325
903481130,100947.694469974
908276150,85337.7854778236
528228375,232510.456631019
528174080,222194.523697057
902204120,144669.557938179
527358200,183870.76592472
910203020,123514.92698477
905325020,217470.975397492
534479150,122499.899007712
923252075,138726.785805834
527427210,184381.652331008
903201090,120097.553054292
902206270,133721.041177951
903232170,74923.1672478815
533221100,175296.137812117
921128050,360136.037158806
909175080,59636.742504256
905451340,106296.775690218
528118010,326293.071170444
909175100,157147.555286671
905200510,140656.196405622
904300150,98172.2532268544
527402090,124843.930242939
923229140,193468.829157922
531375100,162284.600338048
532378130,107237.864886797
905106150,136227.244904868
907252220,254268.194704244
532353120,122897.03196795
905105190,142847.243033227
905426030,146949.421496134
912251110,49875.7864207781
527258010,298966.977602402
528354100,290273.090994483
909451100,146280.407351976
906340100,330734.77439988
528458020,212939.149541917
916325080,286978.890504386
910200020,103001.311900154
528290010,210978.014436669
911175440,77477.0596969371
916252170,207062.272203559
527140090,218580.62932192
527166010,224134.107107915
534201250,166777.891922571
903458010,100627.570243644
535125090,189008.318178312
916386170,254717.11839995
533221080,169291.160238821
907187030,192780.457451293
903231130,106021.883318055
905202090,139053.543512991
905226170,142795.732768161
911370450,274853.253722424
903475020,120071.872759027
527158090,175487.041235198
907180130,218087.925483903
910201050,123472.55587272
906402060,235137.873876772
907420040,183074.794578999
905402060,137283.826756659
911370540,277414.332373693
910202030,81664.8087048869
903204040,130457.220955006
528477070,284633.067013299
534176140,165993.797300622
528120110,268304.111565362
528228295,200412.0399507
903234030,119890.81507244
534129080,184265.289922773
907405140,206141.107008372
906426195,256742.43270677
902207140,105957.085624907
527402220,134777.519253918
906392110,264031.641583671
907414030,194413.245382142
905426100,180681.601561984
528431040,344137.383100269
533215020,257218.219249635
528250060,191579.907737748
527451200,95024.7353713541
534425080,178663.871158988
908275290,125110.902258045
909282020,220774.103480613
907196060,210595.786118203
908154195,806919.216880209
907410110,227758.70697897
909201180,108140.227176987
533212130,147728.04181428
527450250,102324.688483895
923230040,153441.319614962
528221090,205239.056003598
905200490,131390.257273363
535451100,115784.750901412
910203090,112324.683727495
528348030,255152.255387605
909253180,140479.603952309
528222090,181307.211327319
907401050,199130.260197278
907185050,198858.988916494
924100050,155788.265235648
528480070,259974.285825853
528326110,313000.035669595
528104050,363219.459722006
535152060,128249.383946655
527404020,130695.057768428
908227040,94052.43914856
902301130,120004.60504566
528218100,174132.605489534
535456070,142198.673199642
528435050,268443.119625478
528431110,273429.337481445
535104120,186351.432916086
907290020,225390.087080244
906380060,279460.729852986
903206120,173463.908284513
914452190,141549.464571992
527108040,233772.277531172
902207150,105863.005332329
528120150,296640.528448933
535302070,122317.187486531
903476110,101721.651197363
533213130,171126.429772454
527375180,164208.995856048
528235000,193214.819343721
535478010,135339.555159955
905480090,98787.483439148
527158020,176253.295901658
535325350,122628.163822334
905105260,133228.876732526
534128210,252293.862682657
534476080,140109.997019128
908228040,121441.515403343
916384050,211224.062700363
909275020,164968.87800264
907202220,150192.76911101
909177100,111165.03822855
903231080,121132.387220105
923230010,182897.458246007
534127130,178924.989381826
906203140,261464.187918976
531363020,138586.421658573
527106150,207239.357337119
535477090,121391.109466191
903481120,111087.600324478
528358010,257655.119652097
527208010,383553.973958378
911103060,89617.9043137279
905452110,116364.107712961
534151175,234199.341776756
923250210,122166.106831932
534177230,203932.275383616
535426195,180921.373683761
902207170,92011.3039822726
903457040,154765.215253725
902305010,139649.306794364
534152050,206663.53158494
535325400,105335.571430368
533206060,210486.904287066
527358090,195596.518365863
527325090,226200.34605113
535403010,132276.826574162
907200340,134336.723823325
902330040,177716.26464243
914452120,167464.022970548
535403040,112511.953973589
535425070,173778.354528339
527302080,229805.894089073
906380200,198831.924325627
907425030,156031.568253676
905107310,155091.517746315
533241010,211129.570827135
906382050,239521.325170265
902301140,91714.9515582246
907131190,190173.884100326
905105040,117904.521125833
903230100,108841.376014646
905351045,195004.779958257
923275010,160421.830578919
907255010,195055.476971095
528320050,458835.101090382
914476380,181615.009756468
533210010,168857.485323337
923205120,124045.751645344
528186160,220401.258701357
535176070,147726.44294965
534129060,197230.077462805
909276010,198838.744295242
909101330,50170.7893522662
909428280,304302.6469443
535402230,140002.8011717
910205010,141207.240270735
914475020,148412.580500064
528445070,227655.585476042
905480240,96785.7932893915
527107040,170379.312532369
528118060,328642.906329619
902128020,106544.582172927
534427090,131629.10232181
534403050,151521.836758347
916403040,170875.983000605
532378110,138458.750830395
903425110,126836.215468025
903481100,81301.7976133559
907253110,218528.378524526
533236040,172875.117945395
534278230,147008.942303814
527165100,169411.394134391
909101050,118790.313846693
528480170,256465.982498741
527107210,197626.864043881
527427200,188679.044152424
528186180,221957.799413373
535301160,139195.760482412
527451060,99143.4077503504
905451390,145273.909275382
533210020,177101.492193523
535106140,114181.872634261
533253070,195769.676337954
533208080,163999.714919185
528458080,241005.985516094
907125020,154403.960807202
907130060,183638.716049807
535179120,118442.434109289
902401030,138539.495236003
528364110,301877.578458362
531450120,188819.334627541
916380060,273297.576655462
528435030,259325.951592418
528431050,270424.767658744
528150120,332214.588724016
534152070,195904.904091128
528294070,222872.241644601
527108010,296660.204022794
528228270,195739.700081707
904302010,116159.155852587
527127150,213004.862862136
923225310,102810.27232789
527451290,93412.0377610458
528458040,230263.791912548
527183030,214842.00887956
527455100,149512.25385798
903232190,125805.192900058
923201020,142168.072467236
527451330,101813.559716308
902302150,131075.739264016
909251040,165903.000297506
532351140,119834.362185376
528218150,176492.612875674
903233140,126352.927460198
534152100,182336.290161369
902102100,134088.788933101
535454030,78037.9926154841
923228310,85706.3852645765
534476320,124064.598771212
527107240,195754.739140324
534431130,123218.474942783
905403060,126702.485989476
910200040,113211.746323858
533212150,152179.383718485
535425080,262961.869514536
905451300,122172.204173818
911225110,61371.1023952109
923225260,171058.625067295
903206170,164767.774616418
535382150,89142.697063476
527405130,119376.006109439
907285010,227943.707879766
905108220,130242.863598147
533110130,255436.989780789
535457050,113668.048304519
527450210,101940.762045436
903458110,101100.350955281
528363070,321703.609729509
902332030,137106.3543274
916475040,326669.05867636
528221030,193314.699884613
535105090,163349.761414977
527163130,182050.109720099
535381040,153507.474292824
528228580,218743.70795226
528181010,194215.606933222
902128160,121571.190733072
905104170,121209.544013173
527450010,110735.217873535
905225020,178979.267034798
531380110,198079.514251905
535378120,119426.754785134
532377140,129684.73669953
906223110,225176.432583637
903400180,164057.114758607
