PID,Sale_Price
906380170,204803.877083235
902204080,90696.9270057161
535478110,114070.983151396
908152270,152996.979693409
903458060,116897.806738582
907285100,239724.797524385
535377090,122395.278488939
527354200,179853.957326322
911128020,99962.5591161528
533242030,229149.194758021
907135080,167314.179593274
902104020,140825.94674679
907414070,186501.408031463
528228450,189315.566313043
905425125,207151.507152986
534225110,147404.179153763
903427090,149902.469155897
902109080,116039.126335236
531452020,127157.641272007
534451020,85195.9198317503
531375120,154337.382685631
531451280,203814.258725334
907192030,187938.398684792
526350040,122141.97125973
534202030,145183.968075804
528172150,287122.746568945
908275240,109087.918394822
908151040,150605.182588851
528458130,320139.703754051
532378200,136655.960026997
535303030,170048.200595867
533208040,194769.301203276
905201110,175312.3939714
527126030,236584.329978012
907412080,187725.154886998
528142010,296433.319575323
916403020,193226.411665625
528120060,373859.766248975
904351280,117918.361686011
533244030,245750.847209691
924100070,166406.708186093
906392100,224418.866709441
905200350,152528.691641096
535125010,244659.058977765
907180120,207052.600498302
534251320,156928.616751011
527252050,301133.107565245
905451330,169806.506166545
527356020,284156.044528848
909131170,140186.546434502
528218030,198611.618271378
903454060,78488.3909491023
907252020,231860.059818641
923202060,130285.071550444
528435040,332920.774740407
905201080,165281.814691926
905300080,141965.293789509
905229040,160955.705562374
907254050,211862.472074052
903426160,156997.580342001
923228290,82619.2534437736
535402070,148495.96740867
909101080,92270.0531832295
535175030,155396.874827356
531475220,144832.668555123
903454010,130041.964088926
528228360,194444.986551283
534427010,148202.357703985
905476225,131075.349966322
907202050,156044.400382589
903227090,122946.321793132
907290230,155345.129375198
531375070,138345.040754206
534427140,150319.825131283
531452100,160896.647341203
528186100,316736.093856851
914476050,143586.56055505
535382130,165400.618127085
906226080,141541.851830353
902207120,77312.87538259
531376050,186496.873379862
907295100,188688.367286373
903476090,106627.43525371
531375060,136744.029625148
535453150,150572.624867648
528106050,435250.723724096
535454060,77740.5521080713
528106070,328602.318369385
923229010,160079.437823954
908102050,107748.641753272
535425040,199992.368354386
533221030,176588.646669364
528427020,232664.717148261
535352080,113808.333338414
907203060,127414.218221529
903201080,169113.33929126
908188130,138332.933336779
907420080,202291.385191631
908186070,143897.800851816
531382090,185202.246051412
527353080,171313.235266695
533350050,289411.356009285
528218130,222202.299546047
534403100,158666.615072458
905402070,111455.930604222
533253050,176852.538385257
907230240,142875.531262772
527403040,150402.326668024
909252110,170486.704285958
907290090,201127.503392289
923202025,189720.05217452
534403360,140862.990894235
527454120,132201.45467127
907250020,229076.947600543
907414060,191673.79683205
909250200,145189.100602257
923251160,108620.577224361
527182190,194016.071272744
528363130,318859.287199415
535452140,113299.869120307
527216050,427925.672045873
904100140,205868.337316789
916125360,156234.612601812
528250010,181079.800527849
534276070,141522.914755697
527357110,136145.707994341
528441090,409476.975506915
531380080,226423.820932745
904101170,117439.044278206
527404150,113579.296345118
903231220,92998.1106287186
527161010,177762.167167003
528385050,258560.492345925
907181090,200106.221888942
532376160,131052.105320845
903236130,157436.483359839
534425310,151801.425497368
905450020,143315.075526158
535450210,128417.300832845
533206070,228122.667183132
533223110,154805.070235289
903232090,152939.532470362
902427040,104964.933171592
534151090,192185.364351516
527359030,150917.520316891
906225180,206012.146299459
527107010,181216.834586451
905200220,125673.526988239
906340130,331183.555548599
903233050,128784.486437022
907253060,229800.199583388
532378220,130816.196556186
909428170,228837.434905747
907275030,209324.775866778
905452140,139489.68271002
905378040,132804.294020947
905200260,148045.583844235
528186030,271058.605487017
533242080,191876.017424175
907412070,209707.940685975
535300120,164244.435291423
528240020,197107.995421218
908127120,113125.463578914
902106120,81515.6987279999
907270040,239936.406405684
528275160,255484.608531961
907420110,174588.565535168
902111010,96771.5995289769
528240080,226165.799049217
535401140,146474.204008704
528228290,193760.922895932
527454130,145260.698387042
527455080,158348.114636918
528427040,188257.22146453
916460070,181618.107854427
908275220,119984.207860142
533352150,149419.797106385
528458180,231074.03576966
902305080,128128.916366125
907200250,152764.548246377
907135180,126677.796921128
907200110,130736.277318234
903454020,75947.7693030614
905108090,162667.213852608
907202010,157101.190819822
907262050,228085.574831905
911370490,309572.45368725
527365030,237016.851548091
527110080,173193.919397509
534431030,133795.348134559
531452010,127085.629426548
528439010,228022.895583348
527212050,331760.114074834
904100100,184739.931206898
914467040,237007.721936687
923276250,113736.339655323
535457040,125780.922271419
527356060,172811.294679206
535378020,105948.880290928
531451030,178398.184013752
907275090,229375.373299336
907192040,222921.409240554
528458150,306834.533806383
535301170,153737.326678758
535402330,192836.510082389
534403040,180727.573503064
535383070,144731.61094539
909254050,196080.899587684
908102160,134709.571308911
528106040,396970.326359409
535456100,115237.739833855
528110100,372834.602746851
906202040,182258.99172523
905226050,142774.782008459
923225300,97131.0898718303
907285020,226619.542081111
906223040,228107.961339286
535327210,156073.501281395
528228405,199963.166227573
528480130,212109.92843961
902329090,146694.946869569
527404030,148946.363016153
908225310,94407.2492381138
534450090,53516.7402961128
923228180,81336.5483087171
907176010,190355.501844107
535180120,129628.684170801
527454050,144921.247267389
903456090,95871.6902109969
908226120,113537.175284103
903204010,130763.206697979
528429070,246220.535800369
902103120,131959.687278189
528142040,347650.74903623
527355280,194607.544840646
528118050,427989.736028591
535376090,122492.345717805
534275010,132217.288078415
535150300,229476.691950768
528221100,176806.759520748
531375050,145617.830575341
903235020,100036.491558313
909279040,108997.782900727
903400040,159870.358030416
527355150,291306.378702313
905202190,208227.179285015
916226030,199603.205198944
533213120,163768.909578963
911204090,87441.3317695601
903475040,121344.946242091
528138030,389942.378792143
527378140,160599.569760429
527302185,236323.613136203
528174070,202118.948677855
903229040,129905.805504671
528186010,309331.538189507
907265100,214557.741041732
916382120,288407.076605568
531451290,203036.81888934
528168040,294787.057372893
902202090,134181.629796145
535450160,86291.5881734328
527132090,213884.208087443
534250370,316703.709425017
906380070,312886.357476171
534201130,139489.872977244
916403200,222326.771696277
906226140,118177.709712442
923228150,92926.6407074613
906223060,209182.268189264
535350030,138759.389031026
528228325,194375.610865539
905103130,154220.478286379
906223140,234750.193249007
909179020,216106.690304618
534175010,138625.720902028
906223220,206746.236548036
909275230,186897.22801687
533128030,260976.213805914
907252190,241564.959453421
908186040,132197.962090034
532476080,237698.005410009
528290090,179200.587634958
528166120,396191.436504402
527451410,97077.3900992746
534475185,148426.141733581
533254050,201651.666883918
907202100,121756.455202526
906476030,219437.385813245
534152120,168316.793105784
908102290,106745.815825444
528221040,203394.679215214
533208020,230675.516318284
905377130,103430.192997092
527451400,94988.1270464568
902328040,145293.876304925
535301010,145255.694840254
905480180,128242.626734419
902201130,114825.389057894
923225150,111823.417254572
904351200,115414.155140483
909254010,149001.703535964
916382010,205939.685081658
923228230,92328.187956784
923426070,135582.738778992
902204060,123851.639566153
910203250,58372.6962440234
527105030,196022.556263587
906392130,189368.923968373
535155110,138131.601238387
531367050,216496.798979662
528108120,350822.581804042
905478030,140887.677206688
527357180,293232.639186626
916455050,207894.855374582
528221060,191422.96557
902134100,86917.7871509678
527105050,178399.413659431
528344040,307453.379518877
903454080,118278.246590378
531451110,126861.322955037
534226060,154426.580897049
903231050,105706.345917292
902107030,132445.455385128
527325240,177936.690427624
908102110,104018.999383485
909425060,164692.381864804
903453080,177780.756148026
527359080,189884.033083344
905102010,148873.387013976
906378170,231852.482474376
902125080,103672.018319534
534252090,199937.514314361
534177210,157885.63121323
907401080,213203.926591997
528458060,202220.53508383
528228345,220901.642253881
533213020,203555.355522305
528382020,302928.058241419
909281080,209764.082311622
902105060,127025.040466561
906380150,179492.656645548
914476020,129773.448057146
905105070,158275.816166997
534400120,180604.914957142
528344070,329113.005613646
527162090,171188.12437266
528120100,233322.556767388
527353020,181611.014786747
903452025,92249.4037478448
905351089,189873.834153578
905377050,94205.6206850216
911102180,78393.2973215507
532376070,129306.501697636
923277030,160050.268319417
903232060,99304.2220771635
528174030,196053.256970668
535426130,206880.225722898
908186060,129458.599146038
908188150,145640.816196032
909176150,121812.675505569
528290140,192410.421671157
527327050,191579.096783916
528363020,302231.943840825
905401060,209144.758294727
909275080,173203.604258753
905106170,122653.216049559
534125210,157127.890708024
528180070,287043.623746937
531451020,189505.941543825
902103100,118804.587252501
905475510,103742.699213545
534400060,175890.41142099
534475170,165478.410214835
902477130,41704.4048539602
903484020,132377.187144839
535450220,124612.541427648
528174040,215391.020504729
907410020,187456.470610006
528482010,246143.010765608
902402130,115804.453246158
528221010,187148.912989418
528142140,328772.876372952
526354020,186656.819115772
528235090,206761.766113917
533217060,171820.530814335
535402270,134250.291363732
527328020,156943.518203358
535178040,118827.483686029
902205020,88539.1226571656
527376090,150041.587028657
527425025,112504.26645977
535101150,144306.757790344
535178060,144885.237905208
527301320,258984.833979524
526302040,157024.397032514
903227080,127989.685442391
535151130,135003.75732033
535152010,132035.827450005
906392070,196728.813714649
528108150,281982.334014676
534128020,203094.280152918
916475110,208596.772273872
528354050,264500.513920307
923226290,84630.7628620216
905107320,151775.874201878
904100160,137473.74798699
534252070,102053.583153344
902106090,152399.914665311
902207080,122964.560458439
902327070,137889.162811837
902300260,126188.646105604
902108060,110157.501289229
527127100,311833.182488846
534201230,134602.640207712
902109160,108633.708724352
923228370,94577.2556807822
527163010,169294.080624487
905480030,110381.288079439
528120090,238635.934567475
533250130,255346.605465217
907420050,192207.006922803
908127050,122897.984819657
534176060,176567.354660099
906412050,345011.476315051
904351240,100090.074905399
906380160,186540.054831926
906204230,235273.405690421
907405020,212778.408237729
906204180,207626.580726408
923226250,91891.125861106
903453050,123521.172548168
916386180,211564.179325272
528110050,375652.405078113
907135170,147239.222835526
526303060,210794.235648668
905426200,145838.463297515
907227050,126785.533482715
533242090,284542.775436045
903228070,117700.117645701
534278170,151797.156528965
908128050,137169.786016858
528480100,198347.473580094
909253080,146955.129741706
908227010,91706.3485249978
902109120,126059.472656334
528174010,210915.752017788
909475230,271693.226540127
906230030,286397.817393435
905475500,81237.1919295641
533236060,199029.970174998
903226130,111111.618739995
923225080,120902.087795207
902105110,122617.736886725
905427010,179502.379993077
916402115,192369.045614338
905301050,296144.730298184
527404100,119284.78544887
535453200,144326.016309658
907227090,126592.307776657
903228120,120705.19336869
528480160,196955.582235651
905452050,94567.9800548473
527276150,114081.397274691
911128010,100305.952625639
534425015,202989.555197803
907414040,201694.116277824
535377070,75053.2097549032
535477130,157350.180874135
923204040,157161.094165194
528188090,170942.195992354
907252050,207061.72686933
534251280,159491.157069712
533234020,217362.207550804
903450060,140278.366065814
905202230,194720.646108737
908103310,141668.175587086
908127040,120833.880038604
531382110,189817.133476313
535402140,179981.437352298
527328050,163128.621711813
909275110,211692.86199262
903204095,98397.1312110567
906201030,179615.1494976
535151110,149064.783215613
528108040,348710.332279027
909451150,152005.886239068
903430090,126671.802759024
527359180,201647.066881671
534401190,144081.411466144
908152035,118564.427987893
902406030,120233.405170445
909253010,142655.801685871
902427180,116624.275882374
528253010,206777.306297093
528480060,310319.773792636
910203230,88119.8033083898
903454090,127870.878896903
921205070,286062.69610928
528166090,398974.980665213
534175080,224570.432288775
907196040,210275.149728004
528427070,232767.593205663
534127170,178435.231093329
534450150,103853.447738147
905325030,206718.78063529
535103050,223218.501866503
535181140,152514.795392805
535106190,150056.612342013
528228275,200819.263153371
528354110,295054.245265251
904302260,102489.477907559
916326090,226409.86457653
908275280,142329.488042279
908152290,165640.699402411
916380070,327155.198223028
531376060,190522.756357827
909100080,112717.436253644
527450280,103519.723733529
905108170,154432.892647187
906424010,250247.792071581
527425140,116681.23566966
528290120,180881.902963896
535380050,134858.16478036
905451410,136185.624739474
909254090,171843.665882974
921128030,348114.27477001
535403030,132374.508906211
902401120,254269.441871814
535476350,196426.506848678
535302080,118593.887970352
527327080,185072.340333032
903481010,89529.052568397
535451040,124422.445428986
528228575,250208.199143593
528322020,342177.472475015
535105110,164422.629754237
907280090,219515.879020524
535354100,137875.388777744
903226160,114994.826015397
528458070,236765.621823776
535451230,110931.638330964
908127100,112430.337234163
533221090,163638.105019349
528104080,412330.680814386
533254130,180587.842468321
902109010,98501.7027530543
903228090,111276.821970631
535475020,168238.693820178
902405120,112375.9133224
905475160,127496.342070134
907135260,149361.937883996
527107020,173648.306921326
906380120,205032.961541077
528188060,175347.283595503
921201060,301956.600299929
907405130,195342.295017064
908102140,118610.677555455
528181060,228074.506614793
905104090,119300.311485511
907175080,216112.242847372
527355060,195073.768150826
905100080,158589.83138293
532376040,132394.792912368
535451010,144966.776253648
528112040,304544.119686747
906380140,199653.925425651
533130170,307038.096953868
535353190,125737.640822053
907200190,150034.519670556
902107050,130792.062582114
921126030,253789.439714738
528458110,241767.471161065
528220040,187721.964252726
905107240,176789.581410612
527107130,174347.349712786
908226180,92397.5899481123
533250160,300713.144230841
908201100,88077.4210092039
902305110,145114.156986046
909277100,145611.061318134
916325040,207646.699965593
534479130,142390.642548622
535402180,119713.681675159
528106010,327717.374465235
527184020,203056.475343664
527450150,110217.061953493
914478045,152365.122008515
903481130,101270.552808098
908276150,84890.3236818858
528228375,232824.579735813
528174080,222095.55565129
902204120,144604.209010945
527358200,183743.071087114
910203020,123486.355906056
905325020,217790.311931829
534479150,121922.955340018
923252075,138570.494406514
527427210,184360.567265854
903201090,120160.794510586
902206270,133972.300688904
903232170,75131.9922589607
533221100,175055.445864781
921128050,360787.487114145
909175080,59038.9883279773
905451340,106087.642211747
528118010,326962.600295937
909175100,157069.363725607
905200510,140676.734587666
904300150,97918.2767261121
527402090,124941.305418554
923229140,193270.624696337
531375100,162337.581388338
532378130,107503.441050518
905106150,135965.155694312
907252220,254658.009742808
532353120,122911.596625188
905105190,142471.191582346
905426030,147229.398817693
912251110,49427.3443506572
527258010,299314.163563459
528354100,290612.77352789
909451100,146235.934345442
906340100,331254.427207602
528458020,212925.66242584
916325080,290124.596050517
910200020,103614.341082336
528290010,210643.685499636
911175440,77105.5891241102
916252170,211008.058210466
527140090,218988.076841273
527166010,223939.542264102
534201250,166665.653293702
903458010,100851.556153633
535125090,189810.111029068
916386170,254302.051035315
533221080,169308.002932215
907187030,192589.085149864
903231130,106195.861184462
905202090,139255.438609571
905226170,142485.394642353
911370450,275144.222625518
903475020,119716.614343729
527158090,175582.739165066
907180130,218096.128613331
910201050,124035.435199953
906402060,235751.697487582
907420040,182567.657992422
905402060,137349.15884094
911370540,277923.493032338
910202030,81735.2401691427
903204040,130623.103283797
528477070,284967.092746923
534176140,166120.266895337
528120110,268914.549535731
528228295,200488.143041458
903234030,119502.295996233
534129080,184011.860755523
907405140,206141.944669389
906426195,256578.676320933
902207140,105730.774900228
527402220,134850.462780929
906392110,264017.905845573
907414030,194197.493063996
905426100,180727.599594331
528431040,344046.960750266
533215020,257851.859632847
528250060,191274.635383609
527451200,95079.9639856568
534425080,178539.141736998
908275290,124126.437342539
909282020,222191.141287245
907196060,210212.961138195
908154195,811504.43288222
907410110,227823.881615333
909201180,108015.56181628
533212130,147509.33069656
527450250,102136.163111425
923230040,153649.442273104
528221090,204507.19659221
905200490,131364.499069384
535451100,115318.061386141
910203090,112862.240359922
528348030,255600.217837767
909253180,140685.4855765
528222090,181295.397368943
907401050,199409.543450209
907185050,198794.876685168
924100050,155666.625209577
528480070,260468.839606874
528326110,313882.764709099
528104050,363000.397541885
535152060,128130.261648769
527404020,130684.243202393
908227040,93682.5130543148
902301130,120203.339399823
528218100,173711.173373963
535456070,142347.2707939
528435050,269313.563934549
528431110,274185.659219901
535104120,186705.572195295
907290020,225917.711130963
906380060,279279.725993946
903206120,173839.058017051
914452190,141424.029764745
527108040,233446.797197243
902207150,105758.164460413
528120150,297503.712313571
535302070,122457.906471189
903476110,101752.859532135
533213130,171304.410428318
527375180,163960.516492685
528235000,192906.605022148
535478010,135351.366200756
905480090,98741.5721513506
527158020,176430.122823412
535325350,122283.774712572
905105260,133547.229489904
534128210,253813.506785997
534476080,139851.674322902
908228040,121358.797593604
916384050,211031.430224814
909275020,165483.263556742
907202220,151068.843650311
909177100,111150.717705517
903231080,120985.842037645
923230010,182785.947076411
534127130,178884.086424188
906203140,261570.364638655
531363020,138791.915185676
527106150,207297.681865285
535477090,121127.137658555
903481120,111359.262181928
528358010,257688.271723999
527208010,384801.309649775
911103060,89162.2333058557
905452110,115781.10137696
534151175,234527.307595893
923250210,121956.260741478
534177230,203894.355449651
535426195,180945.837321636
902207170,91493.9178468089
903457040,155800.876495247
902305010,139441.700197791
534152050,206881.533424854
535325400,105412.816436509
533206060,210380.699033604
527358090,195581.333457687
527325090,226024.286874255
535403010,131975.459992473
907200340,134488.921055313
902330040,177522.445654347
914452120,167578.962014528
535403040,112175.547007436
535425070,174138.114203484
527302080,230313.163681336
906380200,198754.281799925
907425030,155468.666980319
905107310,155168.043012698
533241010,210964.948229088
906382050,239654.54519571
902301140,91595.7293195321
907131190,190159.022014526
905105040,117387.527495874
903230100,108673.439572187
905351045,195265.667400654
923275010,160850.319952858
907255010,195381.98229271
528320050,460717.131948591
914476380,181747.099204285
533210010,168338.690231542
923205120,124005.881415786
528186160,220423.672722091
535176070,147716.082858238
534129060,197575.393134762
909276010,199968.719121111
909101330,49618.0857910357
909428280,306769.915965373
535402230,139793.5558886
910205010,141693.403397965
914475020,148388.295173868
528445070,228546.796254141
905480240,96767.930231612
527107040,170404.10204263
528118060,328589.156155751
902128020,106279.622862617
534427090,131559.952302182
534403050,151675.020823947
916403040,171524.950532521
532378110,138674.049457374
903425110,126618.981453197
903481100,81464.5531802969
907253110,218569.83747327
533236040,173028.514858405
534278230,146855.608458282
527165100,169319.911197301
909101050,118943.630558154
528480170,256475.665432561
527107210,197806.263216553
527427200,188428.588727424
528186180,221918.255396336
535301160,138671.808247822
527451060,98972.1812943219
905451390,145224.306829862
533210020,176529.638881487
535106140,113987.201518516
533253070,195910.135663714
533208080,163802.692585964
528458080,241423.795393336
907125020,154091.521167762
907130060,183258.159558565
535179120,118473.539988072
902401030,139123.688199964
528364110,302330.094079747
531450120,188589.098009424
916380060,273378.764502886
528435030,259672.889231068
528431050,270809.99108274
528150120,333031.166637409
534152070,196063.800448937
528294070,222730.043958249
527108010,296051.695076476
528228270,195279.912131501
904302010,116053.184116671
527127150,213663.060153524
923225310,102467.867152833
527451290,93145.5888530195
528458040,230630.396262056
527183030,214736.140415792
527455100,149218.29539176
903232190,125944.401732271
923201020,141877.164999945
527451330,101453.95151941
902302150,130741.967053584
909251040,166532.773569032
532351140,119895.438042629
528218150,176176.249200578
903233140,126567.458945291
534152100,182476.424265572
902102100,133356.706177969
535454030,77647.5100467724
923228310,85163.5068567486
534476320,123992.233771504
527107240,195519.183364675
534431130,122925.609746917
905403060,126659.171869111
910200040,114253.739126134
533212150,152086.037281895
535425080,264584.232886437
905451300,122126.857473342
911225110,60765.8288516407
923225260,171015.439730175
903206170,165321.240546916
535382150,88749.6379623123
527405130,119264.675211255
907285010,228060.149164556
905108220,130313.618685491
533110130,256113.003114191
535457050,113763.036722887
527450210,101745.354080134
903458110,101917.219568435
528363070,322463.89481589
902332030,136091.436050047
916475040,327298.103476196
528221030,192689.684333454
535105090,162771.096697689
527163130,181879.857323885
535381040,153533.186285725
528228580,218483.694966217
528181010,193256.950369309
902128160,121252.531233628
905104170,120985.057686942
527450010,110543.566897529
905225020,178181.876740951
531380110,197571.566377936
535378120,119400.429619664
532377140,129560.175258594
906223110,225330.846404769
903400180,164436.817359241
