PID,Sale_Price
906380170,198308.522779649
902204080,88744.1747154891
535478110,114182.056364465
908152270,148005.074862377
903458060,120522.372005345
907285100,234818.417203608
535377090,127324.837436698
527354200,185088.814949278
911128020,99309.9191930827
533242030,229918.553427099
907135080,158745.52704778
902104020,141170.34220663
907414070,189087.482796319
528228450,192958.679533305
905425125,212238.416256567
534225110,144825.742442061
903427090,152060.841558324
902109080,113192.173235841
531452020,125006.534435042
534451020,84863.1594511717
531375120,157392.789695081
531451280,202150.756558002
907192030,186701.898659549
526350040,116370.933884764
534202030,141686.152353096
528172150,290087.472759204
908275240,112582.883439154
908151040,151835.544897526
528458130,321610.436434728
532378200,133651.426929343
535303030,174341.398210698
533208040,193454.053672237
905201110,172672.317095073
527126030,250781.131312843
907412080,188459.868705023
528142010,304899.305527568
916403020,191192.061448615
528120060,378840.757054015
904351280,118798.391335975
533244030,251482.454265757
924100070,169067.722165163
906392100,226202.68239506
905200350,153413.302648369
535125010,243700.395132854
907180120,205467.638021666
534251320,157139.496787116
527252050,307637.477578233
905451330,170504.311930841
527356020,294834.58538609
909131170,139462.471392076
528218030,190131.874374507
903454060,76090.8748894834
907252020,239122.030347276
923202060,135819.026329645
528435040,323075.917245241
905201080,154162.300734118
905300080,141402.90667902
905229040,155727.618929167
907254050,207247.222268873
903426160,150442.830938686
923228290,82497.5430857045
535402070,142019.491880067
909101080,92439.8386058871
535175030,157616.930615267
531475220,152825.055506307
903454010,129428.922545495
528228360,201337.113136165
534427010,143312.226789699
905476225,124251.596567028
907202050,161139.854831901
903227090,121207.385051997
907290230,150766.411348723
531375070,140744.917251885
534427140,153917.662564895
531452100,159787.017704039
528186100,321845.604638412
914476050,145873.210710259
535382130,155557.9357761
906226080,133359.485387807
902207120,88206.5986178886
531376050,185608.531838565
907295100,198219.980963114
903476090,102722.148689537
531375060,138754.104039019
535453150,146752.151323679
528106050,460509.781730469
535454060,83751.1726398328
528106070,323456.887067434
923229010,160495.528826505
908102050,108555.911519945
535425040,204356.4782349
533221030,176382.661017841
528427020,232060.619429413
535352080,113318.594967546
907203060,130528.464976406
903201080,173486.862284724
908188130,139499.215464356
907420080,201177.409150113
908186070,145565.845671397
531382090,181416.910203782
527353080,180286.562175052
533350050,311415.147835981
528218130,214648.248700304
534403100,159619.168440647
905402070,112489.040380548
533253050,169788.325364325
907230240,138659.30962422
527403040,154763.45345008
909252110,168670.914897602
907290090,200463.140439554
923202025,196085.059823529
534403360,153682.816920468
527454120,134759.462673949
907250020,228888.713722752
907414060,190448.692808904
909250200,141604.117981899
923251160,105626.756740997
527182190,208316.218959295
528363130,332729.821083357
535452140,114656.0691603
527216050,421807.573988044
904100140,209322.849710119
916125360,162075.025471474
528250010,179643.407601503
534276070,141443.2895651
527357110,138620.727516313
528441090,436103.668491521
531380080,236486.807349477
904101170,115833.368105837
527404150,110239.455140982
903231220,93426.5174195436
527161010,176349.247655025
528385050,251615.492802772
907181090,199123.305559212
532376160,132034.089515096
903236130,161667.609284706
534425310,148527.78822872
905450020,147955.098723816
535450210,136480.9639278
533206070,231845.219732456
533223110,154075.060983052
903232090,152657.686532601
902427040,108544.90324718
534151090,195128.781530289
527359030,156951.463388132
906225180,208261.817190839
527107010,183227.284160997
905200220,127121.235459444
906340130,330221.24275631
903233050,130303.112980303
907253060,229773.852004544
532378220,128536.975368211
909428170,232192.365713233
907275030,210337.679780007
905452140,142428.169983985
905378040,122760.420630654
905200260,151115.583424245
528186030,268030.250497818
533242080,192821.826195291
907412070,205969.406164437
535300120,163016.935021574
528240020,196525.673490447
908127120,111272.466123606
902106120,88284.1406622943
907270040,242620.230189554
528275160,260835.429608271
907420110,171908.04065587
902111010,98271.2510778253
528240080,230798.890939251
535401140,146167.306059328
528228290,198784.763991755
527454130,141529.033951319
527455080,151371.178303691
528427040,191757.717663805
916460070,185289.30682396
908275220,126120.351127935
533352150,149648.695409257
528458180,229146.981349571
902305080,133570.275620816
907200250,149536.14495558
907135180,124766.153009092
907200110,128188.209295039
903454020,79129.9896804822
905108090,158230.344975396
907202010,156674.654054382
907262050,222544.892595063
911370490,299100.073673941
527365030,237363.404519851
527110080,173605.536335152
534431030,131717.08576205
531452010,122598.759025932
528439010,229901.970343191
527212050,339537.025673625
904100100,193561.674378922
914467040,247702.448718379
923276250,128893.037180302
535457040,127788.253774024
527356060,171215.20259398
535378020,107279.100422316
531451030,183436.456958021
907275090,221587.683424274
907192040,220706.599494207
528458150,309670.274910724
535301170,148259.787673284
535402330,204646.265898876
534403040,169911.961590319
535383070,153077.244845837
909254050,198989.95381196
908102160,127376.675878511
528106040,410316.073235731
535456100,114353.159329512
528110100,388475.651415288
906202040,182310.491034909
905226050,149422.568751556
923225300,93328.2606608652
907285020,224377.551441506
906223040,225969.509385996
535327210,151411.019303739
528228405,207509.284833616
528480130,213685.491600097
902329090,149337.394168515
527404030,143565.665942098
908225310,93226.0965061516
534450090,48042.7338858302
923228180,79765.1257902913
907176010,188208.859019883
535180120,128398.595851945
527454050,143020.845786835
903456090,101042.121517025
908226120,116629.734638171
903204010,127690.128626062
528429070,247338.054955537
902103120,139599.104297339
528142040,359004.587301849
527355280,198555.386692984
528118050,409227.713389044
535376090,123230.030082976
534275010,129397.142028686
535150300,245742.640163622
528221100,174503.753895231
531375050,147441.408631816
903235020,96207.3962223056
909279040,109729.210815429
903400040,158939.548598303
527355150,301886.272742759
905202190,211218.459531952
916226030,192598.0675153
533213120,164883.077211017
911204090,89377.5764876905
903475040,121262.586649176
528138030,401286.969159094
527378140,169763.653835387
527302185,243454.562475975
528174070,198171.057587992
903229040,127638.31848161
528186010,314324.964124076
907265100,214340.612619655
916382120,281238.119513137
531451290,209746.411046857
528168040,300423.51377552
902202090,139396.204825849
535450160,87117.1190296744
527132090,227482.895062056
534250370,308680.560962964
906380070,311131.854890855
534201130,133692.91164206
916403200,226037.499818254
906226140,119122.89396435
923228150,93149.8875565196
906223060,213153.10874519
535350030,141190.865761952
528228325,200732.632924266
905103130,146892.660718176
906223140,234794.888739149
909179020,220663.531910269
534175010,138510.961081315
906223220,213641.29430965
909275230,186470.92130439
533128030,262478.089205079
907252190,245319.223399877
908186040,138381.513670766
532476080,241836.673995475
528290090,175391.393328218
528166120,421882.263228509
527451410,98819.9923117003
534475185,149660.457682597
533254050,206183.99185665
907202100,119629.514851212
906476030,207275.259132643
534152120,164918.257848548
908102290,103249.001783982
528221040,209603.744292106
533208020,224540.041519258
905377130,99480.1823045676
527451400,91563.9608117423
902328040,131842.59600562
535301010,146000.491423515
905480180,124743.747942084
902201130,111293.907173073
923225150,105643.831260711
904351200,119215.02270424
909254010,154270.200701886
916382010,202858.531720267
923228230,88932.2283364027
923426070,137399.945721042
902204060,121325.399321749
910203250,54862.2534050587
527105030,192006.471535369
906392130,180839.810888416
535155110,139029.559423593
531367050,217761.344461661
528108120,364605.719414961
905478030,139332.201294192
527357180,308784.310393236
916455050,210254.026457808
528221060,185356.374719267
902134100,89009.0264922213
527105050,181093.462784359
528344040,307999.662282673
903454080,120752.181142083
531451110,126183.446781454
534226060,151238.792091099
903231050,107888.579070412
902107030,129311.103349378
527325240,172229.372300512
908102110,99466.6418435117
909425060,163064.68674438
903453080,190710.607599361
527359080,194826.692833401
905102010,153301.179177878
906378170,219275.380168763
902125080,97324.0676370816
534252090,184586.005652275
534177210,157339.605938962
907401080,209891.028475912
528458060,201673.681714007
528228345,228947.194376867
533213020,192414.320446993
528382020,301371.154186431
909281080,216146.296694382
902105060,125348.008105575
906380150,173850.129865277
914476020,134913.378399485
905105070,154468.82417327
534400120,173735.83225064
528344070,331493.562470993
527162090,171141.438774304
528120100,230401.200925221
527353020,186032.839782011
903452025,99058.6583656863
905351089,189909.368570984
905377050,95935.3589347662
911102180,73755.4857461543
532376070,126835.766379054
923277030,149409.412162513
903232060,97898.3139647533
528174030,193981.140603134
535426130,199910.703388441
908186060,132975.57395993
908188150,147125.798848793
909176150,122848.10699711
528290140,190502.327145466
527327050,192019.293039195
528363020,309070.404735441
905401060,202085.264920934
909275080,176022.684128482
905106170,124381.987872361
534125210,147844.800587971
528180070,299191.590854355
531451020,191493.869406093
902103100,124502.397864687
905475510,105954.207474751
534400060,165669.663275647
534475170,168829.759910074
902477130,40108.0570942682
903484020,134997.694147608
535450220,125163.97725924
528174040,210996.723936958
907410020,183654.382718005
528482010,255270.649032107
902402130,109794.632628004
528221010,185165.812061655
528142140,333493.618116574
526354020,189867.128943783
528235090,213846.377548614
533217060,173099.270995861
535402270,139876.960892632
527328020,153829.260926599
535178040,119531.302487347
902205020,87834.54369188
527376090,149401.860408688
527425025,116466.829232833
535101150,145934.075081727
535178060,142579.548565581
527301320,253190.004683262
526302040,153382.977401993
903227080,122487.488414936
535151130,136052.343306336
535152010,130957.521399955
906392070,193163.386404408
528108150,283046.069479335
534128020,205907.01392597
916475110,214634.40531002
528354050,261364.429969237
923226290,82850.9338685788
905107320,148382.936634557
904100160,130522.581143643
534252070,106974.955051238
902106090,145416.634903314
902207080,122465.945992025
902327070,137627.050301123
902300260,125338.316688137
902108060,115131.16306829
527127100,341105.367494871
534201230,133831.95336034
902109160,119143.145716346
923228370,91549.1483760002
527163010,170984.872827473
905480030,113975.605297697
528120090,243298.134899305
533250130,243285.193729574
907420050,186250.127937645
908127050,121435.003535992
534176060,179191.499970834
906412050,334315.362384848
904351240,95281.4838352822
906380160,188862.330686818
906204230,229030.040361219
907405020,211891.273001874
906204180,211183.655566066
923226250,90067.3548674747
903453050,122658.419487055
916386180,206142.009710132
528110050,377020.483668257
907135170,147846.979770265
526303060,191843.130647651
905426200,143360.057235484
907227050,124330.693609022
533242090,297457.650237457
903228070,110820.793525949
534278170,142076.251850824
908128050,135256.182206182
528480100,199936.314907351
909253080,144929.762932002
908227010,90234.0567427523
902109120,127753.533136511
528174010,203783.441189881
909475230,316215.831805314
906230030,298955.54668219
905475500,78788.7604880161
533236060,201392.282671316
903226130,109443.325623559
923225080,117658.137862909
902105110,123623.602710418
905427010,183297.493317631
916402115,188991.860766411
905301050,283879.035639711
527404100,120424.786856654
535453200,138441.992401983
907227090,125732.308462913
903228120,121524.192488893
528480160,202599.500327221
905452050,90445.0488987896
527276150,113529.544047273
911128010,93927.4957160221
534425015,207451.931632595
907414040,202760.356149613
535377070,71027.192325538
535477130,151345.119781953
923204040,147405.672398327
528188090,171790.108110485
907252050,203254.565001269
534251280,160968.864844266
533234020,218582.500764096
903450060,146813.541618493
905202230,194860.754845813
908103310,137299.151771263
908127040,114059.208979532
531382110,187693.538343248
535402140,180655.904159279
527328050,162171.120935018
909275110,204487.730282426
903204095,101619.038075029
906201030,178701.352456308
535151110,146332.650468708
528108040,392094.53389856
909451150,145144.66820697
903430090,130604.0466127
527359180,200238.607924833
534401190,143930.253026415
908152035,110216.470876005
902406030,117279.563282039
909253010,162693.301307147
902427180,117680.929112569
528253010,202736.989163954
528480060,315346.518156161
910203230,88044.4023512118
903454090,125162.92795272
921205070,287935.59286552
528166090,417475.809601552
534175080,214160.569593781
907196040,210573.39671986
528427070,224210.741953366
534127170,176559.825159493
534450150,99037.3751719005
905325030,213507.299803268
535103050,217077.33309199
535181140,149196.831266177
535106190,150692.981747113
528228275,199877.456324509
528354110,291412.145898169
904302260,106539.919974287
916326090,228267.667935677
908275280,138171.711588957
908152290,158935.29617249
916380070,319977.454995407
531376060,189116.632789536
909100080,114048.99060659
527450280,106085.970439441
905108170,152840.910290683
906424010,253584.433758528
527425140,116468.51631382
528290120,180221.254758573
535380050,134587.147992061
905451410,127451.758099569
909254090,166839.240655113
921128030,311274.565821085
535403030,131563.104217993
902401120,235432.830509276
535476350,200106.223999384
535302080,125475.681416351
527327080,181429.256212473
903481010,94977.7346801364
535451040,124659.254051713
528228575,258323.421398818
528322020,342923.73638577
535105110,163130.384936919
907280090,217414.589899809
535354100,139223.746892129
903226160,116923.451329435
528458070,238293.238288619
535451230,110043.133351356
908127100,113535.572706617
533221090,166279.509483609
528104080,432056.816812228
533254130,175669.404401559
902109010,102090.450477643
903228090,111611.781714354
535475020,170193.193280172
902405120,120849.472280996
905475160,126608.831811199
907135260,144592.008217858
527107020,176843.567571672
906380120,200310.283765771
528188060,175918.615922411
921201060,295283.330498758
907405130,195147.31815344
908102140,117137.148607978
528181060,227990.537594934
905104090,116553.760500561
907175080,211899.860018717
527355060,187885.134116246
905100080,160839.396548194
532376040,130127.652547385
535451010,146955.418164435
528112040,315893.173810283
906380140,190423.968621091
533130170,319117.355977083
535353190,123034.49207156
907200190,147004.428953871
902107050,129983.758464641
921126030,251046.631399151
528458110,245282.2847149
528220040,183382.532534728
905107240,177955.442680106
527107130,179418.209352562
908226180,84374.5686634706
533250160,309866.532199385
908201100,86652.2499258474
902305110,143839.481359331
909277100,148252.269322358
916325040,207987.428417108
534479130,155085.540286285
535402180,116134.804362773
528106010,354755.385808929
527184020,209858.118253727
527450150,111872.655405385
914478045,153890.497903056
903481130,101793.069823654
908276150,81089.7926120089
528228375,245677.793005738
528174080,217323.889327402
902204120,139779.153821529
527358200,183011.336109818
910203020,114950.519401133
905325020,221100.183138295
534479150,120174.538232016
923252075,140043.655980772
527427210,186806.320455536
903201090,125511.727340129
902206270,132150.999124965
903232170,78553.474172592
533221100,172784.077007675
921128050,360765.122623684
909175080,52638.6980732159
905451340,98960.6966396767
528118010,327711.365274562
909175100,151825.092900837
905200510,140496.536225739
904300150,94533.5007026677
527402090,130227.885332574
923229140,193294.036886143
531375100,165051.749961967
532378130,109506.220726756
905106150,133565.903355373
907252220,252799.299931929
532353120,126869.729708604
905105190,137158.779921621
905426030,155759.155892499
912251110,44449.546319542
527258010,295358.98306664
528354100,280784.524967383
909451100,139469.292970645
906340100,325478.619820156
528458020,213104.847021253
916325080,290091.186090352
910200020,108655.190883162
528290010,201783.328974639
911175440,75110.2331977987
916252170,231168.336002362
527140090,221633.727045417
527166010,220426.462583771
534201250,169488.928242268
903458010,105845.166483386
535125090,209763.886564948
916386170,247490.557079047
533221080,171963.610572118
907187030,190149.690820696
903231130,110402.517387878
905202090,137548.11073885
905226170,138144.142615294
911370450,270753.77853199
903475020,121324.899060386
527158090,180593.914400842
907180130,215456.502632675
910201050,131878.813791996
906402060,242793.122078245
907420040,173951.427708081
905402060,130295.72931709
911370540,279196.156402878
910202030,90005.8415448269
903204040,131592.936965474
528477070,282253.189313819
534176140,164361.701937484
528120110,279567.177655917
528228295,207695.719561508
903234030,120787.771026451
534129080,186511.302898582
907405140,204756.039810709
906426195,246513.37580674
902207140,105637.059193978
527402220,134456.866173077
906392110,257893.773230206
907414030,193763.816234639
905426100,181899.012398938
528431040,332196.637995535
533215020,266050.028937568
528250060,188069.570783145
527451200,97282.2875553771
534425080,179906.838349915
908275290,115469.509990846
909282020,238991.591955041
907196060,206235.047638922
908154195,827264.123224701
907410110,224370.0302644
909201180,106617.19856853
533212130,147799.764709637
527450250,105892.217498839
923230040,162097.158215313
528221090,194754.578427031
905200490,132274.393668336
535451100,109762.675760675
910203090,111269.676676251
528348030,256875.394532526
909253180,140909.076943174
528222090,182162.260805234
907401050,198853.335171519
907185050,198677.617497939
924100050,149868.756527117
528480070,263701.719659366
528326110,317196.486475063
528104050,343473.641803265
535152060,130363.70408105
527404020,134422.584316729
908227040,88367.0733815857
902301130,119557.539243144
528218100,168420.944258895
535456070,146705.691726707
528435050,276562.488282318
528431110,283568.151647162
535104120,183149.047512236
907290020,231716.39759701
906380060,276926.537519068
903206120,166065.309786581
914452190,141518.314105428
527108040,234440.272578227
902207150,110506.430430009
528120150,310248.388962969
535302070,128232.57408233
903476110,98958.3639759422
533213130,169773.391962997
527375180,160193.353297769
528235000,190580.636528278
535478010,132285.430247803
905480090,101250.225533888
527158020,173155.391783886
535325350,118657.154354005
905105260,134833.383860672
534128210,261869.207533533
534476080,140874.523171735
908228040,119597.954347979
916384050,210531.656859211
909275020,165147.431436232
907202220,151896.328494299
909177100,129864.050189393
903231080,112904.044864628
923230010,175304.578006985
534127130,169455.884047888
906203140,254939.53138041
531363020,139822.5656458
527106150,208753.83630332
535477090,121539.586602956
903481120,120541.25106584
528358010,243848.467931405
527208010,382422.530787095
911103060,90269.6904471139
905452110,117988.138155214
534151175,243897.203466023
923250210,124798.861422893
534177230,212151.76132389
535426195,185472.988097506
902207170,89230.9166442014
903457040,165232.056707147
902305010,136533.320351156
534152050,212122.322767443
535325400,106282.046916887
533206060,206829.72681049
527358090,187040.783456253
527325090,210552.962703452
535403010,129816.656069084
907200340,132605.490536085
902330040,172909.75679368
914452120,162548.765119346
535403040,110992.353519581
535425070,179164.307506939
527302080,232830.571394721
906380200,194418.704233089
907425030,151197.345467184
905107310,152112.290261398
533241010,198443.713409123
906382050,239514.216670549
902301140,97046.9378953484
907131190,187441.230520701
905105040,115472.583758111
903230100,111179.069690863
905351045,188873.864822957
923275010,162172.327545565
907255010,207127.742266297
528320050,536001.844038627
914476380,181714.142568595
533210010,161855.721799602
923205120,125727.955847217
528186160,222301.810292005
535176070,141831.369218167
534129060,195393.468811208
909276010,200948.039320625
909101330,42521.0874973632
909428280,300647.279059237
535402230,141362.814405376
910205010,147100.645070059
914475020,150167.648536671
528445070,241197.505084683
905480240,98492.0305564993
527107040,168908.376018436
528118060,339015.018007872
902128020,101893.763368441
534427090,130255.071498189
534403050,150698.661504115
916403040,172540.585832507
532378110,141088.403059899
903425110,124688.590823395
903481100,77678.9980642107
907253110,221221.538946592
533236040,177201.314619051
534278230,147122.479438142
527165100,172769.336806302
909101050,118525.226412632
528480170,255796.36218249
527107210,200720.924068953
527427200,185419.288473537
528186180,223336.995139942
535301160,135617.412063123
527451060,100916.443702772
905451390,145848.274468861
533210020,168594.01058467
535106140,113880.696038243
533253070,191960.042979177
533208080,161080.345066697
528458080,245950.611215944
907125020,147613.678127689
907130060,179204.428482398
535179120,119407.18770297
902401030,150758.524748033
528364110,308046.105528688
531450120,195234.699104034
916380060,267517.818182794
528435030,259698.009476283
528431050,271355.404536727
528150120,337578.957465791
534152070,193689.063622574
528294070,222947.421558949
527108010,284411.796299858
528228270,199397.385367768
904302010,118965.379625742
527127150,219212.356251128
923225310,101935.188806892
527451290,94963.7970175874
528458040,231526.873419717
527183030,213402.657013063
527455100,143516.437542419
903232190,123593.057891546
923201020,142034.28051844
527451330,100177.032922096
902302150,130248.092658695
909251040,169540.910110706
532351140,128933.625274809
528218150,175692.557305166
903233140,126716.040544814
534152100,186093.817349723
902102100,122778.345950925
535454030,84011.224432101
923228310,82780.20845105
534476320,122142.494226329
527107240,191931.884913702
534431130,121990.698007501
905403060,122621.317190965
910200040,124685.258393421
533212150,153848.640394007
535425080,286571.47540237
905451300,118893.975386146
911225110,58575.4719822352
923225260,170982.161424808
903206170,155819.328807194
535382150,88357.6464970453
527405130,115214.592868692
907285010,227035.436446048
905108220,133196.315717572
533110130,264364.310527918
535457050,109421.39730361
527450210,103906.357087411
903458110,110961.414112536
528363070,324011.580805323
902332030,127456.773261605
916475040,328652.558670708
528221030,187332.44220988
535105090,157242.673909046
527163130,182053.044295093
535381040,159489.769931512
528228580,220596.361261069
528181010,188622.674843548
902128160,118101.814860742
905104170,119728.504870225
527450010,112101.533064825
905225020,176952.855317756
531380110,195534.896526101
535378120,118210.464767075
532377140,129789.286709353
906223110,222780.788261088
903400180,171203.127180732
